M1 = [-1 6; 4 2];
M2 = [3 -2; 9 3];

M1*M2 %% MATRIX
% ans =
% 
%     51    20
%     30    -2

M1.*M2 %% SCALAR
% ans =
% 
%     -3   -12
%     36     6

M1./M2 %% DIVIDE ELEMENT BY ELEMENT
% ans =
% 
%    -0.3333   -3.0000
%     0.4444    0.6667